[app/ui]
version = 9.0.5
modtime = 1687971646.885023000
owner = admin

[app/launcher]
version = 9.0.5
modtime = 1687971646.885566000

[app/package/check_for_updates]
version = 9.0.5
modtime = 1687971646.885767000

[commands/hdxquery]
version = 9.1.0.1
modtime = 1697043123.700111000
