[app/ui]
version = 9.0.5
modtime = 1687971646.885023000
owner = admin

[app/launcher]
version = 9.0.5
modtime = 1687971646.885566000

[app/package/check_for_updates]
version = 9.0.5
modtime = 1687971646.885767000
